 130 129  39 107 215 197  78  15 104  75 137 144  61 154 131 132
 182  73 242 165  16 172 130 160 137  50 243  85  13 167  78 243
 162 250 116 226 236 194 172 101 235 213 133 138 202 190  96  18
  25 126 215 117 155 147 176 225  90 189  20 175 107  95 211 109
 115 179 238 246 128  49   7 215  70 193 118   1  38 215  55 245
 108  33 195 157 133  74 184 154 135  35 188  85   3 182 199 156
  30 173  74  59 189 189 203  76 244 214 160 250 175  48 184 234
 176  99 130 202 114  24  54 108 243 192 185 117 116 233  70  77
 208  63 211 200  65  32 227  61 232  76  43 124  62 173 120 131
 199 120  87 240 229  48
